,99 9999599999. 999, 99990092. 9,,

929 91 Aeschinem 092- 849. 850, 858, 889, 889, 99.
9229 9482 244 828· 849 904. 905, 995. 999, 920 929.
·- MS 91 Aeschinem 922, 9,28 (92.928 9.980. 989,
rem 898 982 988 8. 988·
929 918290591090 545 8050119999295198,
- Ms- 991 9129259199ιο merum 992
929 91199 5950019990 905 .9991148, 'pm ad Home α
92991190110010901150- 8050119992991199992091990 89 ·
889 929 805011299299159901909009 928 ,99
-1118,9,1 Apollonium 949. 949. 296, 820. 829, 869.
um 85 405, 455. sq· 589, 99. 928.
929 9112199121 2,0949 685 985, 948, 998. 828, 849, 884,
929 nd Aristophanem 87, 998
2. 929, 958, 89ι. 689. 80 01199929 ed Lycophronem 229
929 91 Clementem Ale· 588 MS nd 19⁰0? hrum
1009918996Ι ω t 8059919192, 91 Nicandrum 955·
9, emerem 24
9191999990 241.916 80501199049109991909990 509
929915111009999 (159990- 89901199929 991Ρ1941099999990 490,
90 9 · 20

11991209, 91110- ,

929 91 Diony rium Thre- 80501199929991 1101990049, 589 ⁴

59 508, 99. 948 8050119992,ιά Pictorem 895999
-118,9,1 1110099199ιο 908, 299. 296· 228. 248, 829.
29999 ,2,8240 885429, 990. 995. 999, 999,
929 51 Euripidem 90. 996. 929. eq· 980 94. ι.4.92
595, 829 949, 980954, 985, 968954.
92991 Germanicum 285 990, 9909 9,92 99. 98,99 80·
929 91 Hephaestionem 9809 84, 998, 9988 99. {59

, 99. 859, 845· 852, 88

929 ,1112900920ιο 829, 958, 982
15 ··- -·· - Μ8. 9111990029085 5

-·.118 9111299009202999 Scholiorter 91 Sophoclem 958.
5, 969, 249, 282.813·qr. 429, 498 871·- V: 2919999
929 91 1129 01090 579q 101. (1992019. v. κεραύνιον.
teg 91 Homerum 509, 821901199929118, 218902919205,
92 9. 09

-112099, 91 Homerum 8150115992, 91 Theocritum 8.
1,90,20,,99 2499 88, 86, 40. 998. 268. 298, 285.
..54 58, ,99 99. 999. 929. 288· 290. 858, 859, 552, ..99
59.. 952· 959, 245, 258. 864, 8990
299, 8849 9.9 849, 99. -· ·- - 118, 91 Theocritum
190, 4999, 422, 428, 429. 54. 890
196· 504· 505, 528 559, scholiam· 91 Thucydidem 50,
999. 998, 929, 922, 925. 99245929, 889980, 988 .
,9 49· 99· 99· 99 99999, 49,

9·85,999 ,998 95, Seneca 492
509, 890, 899, 895, 898. 8299910921 V' regilium 285

99 829, 829, 850, 882, 8299290980 912599 891. ..99
812, 848, 845. eq· 848, 8229999 ,89999111οι99 284

 

